Kinases	Run_1_Data_1	Run_1_Data_2	Run_1_Data_3	Run_1_Data_4	Run_1_Data_5	Run_1_Data_6	Run_1_Data_7	Run_1_Data_8	Run_1_Data_9	Run_1_Data_10	Run_2_Data_1	Run_2_Data_2	Run_2_Data_3	Run_2_Data_4	Run_2_Data_5	Run_2_Data_6	Run_2_Data_7	Run_2_Data_8	Run_2_Data_9	Run_2_Data_10	Run_3_Data_1	Run_3_Data_2	Run_3_Data_3	Run_3_Data_4	Run_3_Data_5	Run_3_Data_6	Run_3_Data_7	Run_3_Data_8	Run_3_Data_9	Run_3_Data_10
ADRBK1	-0.0754471430323069	0.07335664020564159	-0.48705690340741103	0.14540946182242268	-0.7846189076484814	-0.8667728845372572	-1.744907909003752	-1.7257671804935732	-0.377436874548833	-0.9353570833166621	-0.0754443038409646	0.07342386610798059	-0.4870572769737276	0.14545312548080858	-0.7846842276217278	-0.8667212387695556	-1.7449116576963737	-1.7257083776037514	-0.3774683174476698	-0.9353560694725346	-0.07544577199975248	0.0733407605573888	-0.4870628701187965	0.14545765287187376	-0.7846456542158182	-0.866769147185503	-1.744909340075468	-1.7256880044512184	-0.3775676989526728	-0.9353585082796396
AKT1	-0.13430890946853608	0.08143768231566575	1.7696560387289095	1.220906217778432	0.8008376388960166	0.6246703424290206	-0.5932972523577554	-0.045660474949111594	1.4291652068799527	0.7998823860654383	-0.1282015140899118	0.08030087781465876	1.9739084918971652	1.4561640176122725	0.9890904791768759	0.9346778715062645	-0.2346867686952483	0.2750414755881384	1.707645186975627	1.096102576058659	-0.10529748064299196	0.05206662479312588	2.1574985483754894	1.6480110644379484	1.1262461239497494	1.0051725998650638	-0.25712212021106745	0.2963868916929336	1.7893947142172182	1.163789513861989
AKT2	-0.07317638779143384	0.07597206575427794	2.388370831550086	1.8115838077264885	1.8150498172620935	2.1826869727273475	1.076618134907003	1.7151695762548016	2.5800528005832652	2.038152393244141	-0.09696305800073349	0.09992344959698465	2.319009651994976	1.67090785885306	1.6299131512786162	1.9743219567652632	0.7572434251395072	1.2849051194941323	2.5934717618861085	1.9168833384978161	-0.0876628053484342	0.09058897655990408	2.427266671600556	1.7422025133285544	1.7500325057145252	2.0911032300734993	1.0177121154823168	1.5137854798087134	2.6659256620744256	2.034946002625097
AKT3	0.00736754784867927	-0.0003711616200506996	1.037755236325405	2.388572600214973	7.011981973457327	5.500249726322708	6.194724578610511	7.940395168355713	1.3070331369275279	5.176847065445792	0.02681610918580208	-0.023327724466306793	0.2820508560869963	1.2569166006017263	4.904727272642911	3.7179032989882335	4.452833089980717	5.801774093348694	0.6820992078673191	3.8455843800582916	-0.2914200555403541	0.34176739645528825	11.552654454345598	15.0	15.0	15.0	15.0	15.0	10.183192697464309	15.0
ARAF	-10.523557196193178	10.045639621004552	13.761113944550166	2.1384036050890636	-9.649280724363688	-2.835479161245078	5.352818876873065	-2.35827087945514	4.435786830415514	-4.653307890809897	-13.415412506993773	2.5360439997555946	9.61942254520043	12.4803704489034	-9.101527476038976	5.160407988323045	5.1641024050710325	6.87652410310191	-11.657796547320885	-9.877894484900363	-0.04324356731223626	6.3580836683629265	-13.494154040677328	-7.099751497388913	1.8097549058461453	4.303875785972836	6.86376960037953	1.5214133603839943	-7.764652484076171	-0.6045707682182079
ATM	0.13888600439446736	-0.15014765114219286	1.362633106286382	0.8725320852464038	-1.1158342132468477	-1.243097092384469	-2.0579305221200777	-2.2081265235096756	1.016504349226935	-1.622645409822637	0.15437838987936817	-0.1676346952576134	1.2658936941468961	0.8232846653155077	-1.0529317643279714	-1.2101385330539054	-2.088716268374635	-2.251508567141117	1.0138017025722512	-1.5776134822310195	0.07860642441426006	-0.08358045780172707	1.1757139382263035	0.6446417644061031	-1.22612947882615	-1.3191092031709963	-1.9991930294892941	-2.0918396608000265	0.9274378500515671	-1.65908281268297
ATR	0.14544553708153762	-0.1508544332029875	1.5010955851875392	1.484987065501093	2.3606124017530186	1.6656732857567877	1.8201982369836658	1.9539678322727458	1.2159610294483312	1.0644932071543676	0.18678844529667893	-0.19222605730570821	1.811945111814991	1.6873050980423494	3.0861415807206782	2.1744107266812844	2.084364434521203	2.3099912741103266	1.3421262780223482	1.3547021557069703	0.19242226543529428	-0.19908207683991358	1.788392133932578	1.6847820435392102	3.0559560233228336	2.147383841611201	2.0714556101016544	2.284220700674141	1.33725298867877	1.3364672058584193
AURKA	0.4731019548335042	-0.5813066743520746	3.156037557956664	2.4001577884063523	4.328742108349298	4.670793562510331	2.5756194791402622	3.08307010470642	2.8402541543156477	3.8645664568948535	0.47310182913379967	-0.581316965959036	3.1560378970024683	2.4001527767258013	4.328712513664507	4.670793772616828	2.5755560896846736	3.0829844640171076	2.840264251755962	3.8646201986051816	0.4731056180123762	-0.5813369517576007	3.1560331471967	2.4001597586593855	4.328715651763645	4.670793323413891	2.5756235449616294	3.082969630187186	2.840297306093017	3.864608418820183
AURKB	-0.0701327408777067	0.048039896894761666	0.9028859767278341	0.14644659681296288	0.5694514312980048	-0.13277050300783755	0.1637230206709816	-0.060383685333648233	1.0150593781958646	0.2611454935860286	-0.0747860292731089	0.051494802641232705	0.8842558969004363	0.14179932309543195	0.5530504241227328	-0.17481873671182205	0.1572923379504244	-0.06247704886877811	0.9916292981067468	0.2983230012682809	-0.027676457987111477	0.0016828957694390557	0.9703271014431734	0.17942255792946776	0.6915134893066786	-0.018260527141999595	0.30222027093294174	0.04721620316618625	1.0424567648698477	0.34354059182173285
BRAF	6.780971942511236	-4.410452004615311	-0.8078132995708285	0.18048110614981627	-4.74550359654165	-3.3625542773215935	2.414642373136446	4.812822806639585	-8.461068020897129	-4.606200776066039	-0.39047572885189746	-5.2965529836088265	-11.511467716337604	-11.346341254461317	-14.46583321495928	-3.3714326198492826	4.407149197422096	4.1730180505074195	-0.9518137007490726	-2.943749688325752	-3.2598855923961874	-13.326972773332022	4.7775899234543795	1.108613680426531	-13.702474563552213	-7.646372285602242	2.4014972694600285	-4.011362715502406	-0.05425626734133379	-0.5619328402681464
CAMK1	0.5615042176990653	-0.6650272261845273	3.0401642597964798	3.2456692298450327	3.0589655916894607	1.1689966747425042	0.6161059218029189	1.5389738430153939	4.025386432879301	1.3158897033460262	0.5401629228900183	-0.6423949755093306	2.7088885160374163	2.9731559395189255	2.7472969481809497	0.8842488212309947	-0.025413899920320476	0.8079789383417222	4.019734607327027	0.8761722841125931	0.4955917264507196	-0.5789719088884314	2.135048483854802	2.060977585211198	2.042242934224906	0.6056027863560574	0.06072676659475874	0.7238798433398645	2.9177696214197213	0.5494402147895818
CAMK2A	-0.11209869055365596	0.08685627341991996	2.7603159028581676	2.6322096973992126	2.4731933401075983	1.8844367786869267	1.1556135037985622	1.3711377046855382	2.3949751397180084	1.4003726257545352	-0.12882586185819878	0.10505900973789216	2.7038969665204227	2.5748009584191442	2.5736682146134777	2.004031887212073	1.3405412946764095	1.512667043424574	2.134577294993444	1.3892583791160096	-0.09201863112875446	0.06898029325531722	2.5992722567543014	2.4156850568948185	2.335630617783608	1.8041826390614255	1.1861032980832495	1.356349438207729	2.1014645191728087	1.3411741503765044
CAMK2B	0.5048464419125382	-0.5113166047085477	-0.39955843195937624	1.2744397110330532	0.2039273547832365	-3.0522574025378533	-0.9501370159376605	-0.2146212594798742	4.739411868541809	0.2690957933869019	0.4110407591701675	-0.4031310631097913	-1.7047107138458069	0.2440230443089907	-0.6313496297487272	-3.601105891622878	-1.4971570024032188	-0.8058483046442463	3.799516576666263	-0.5853102743197515	0.8507008312892556	-0.8344257322104812	-2.8653550530326313	-0.39701561766030224	-2.226591771745399	-6.879326607731667	-3.1268501474281707	-2.174247313710479	5.942863605809252	-1.1459743765708101
CAMK2G	-1.5909668760933136	1.7984902029923124	10.042814039887025	15.0	11.733548087527069	-2.4980863632057577	15.0	15.0	15.0	-8.937826127777168	-0.45516837690801504	0.5272080113947972	3.8920594522946264	9.930239692556018	3.717166287711732	-1.0922082000610351	3.5685384570596126	3.503142502741013	5.886591579818989	-4.409200870322847	-1.7362032229322006	1.4447392060303312	-0.6423405752538428	3.4370620044421534	1.5292581895002133	-2.858466756094593	0.880851597029812	5.7316950235371715	0.017370620576928095	-9.296623852817023
CAMK4	-0.579898867621154	0.616453466377518	-2.520560258001773	-1.7957768696457606	-0.7833225277066129	0.33674713272228346	-0.6930294173622881	-0.07438100803845467	-1.2100849503155713	-0.4106146704744329	-0.22424245542720359	0.241787034960019	-2.0565932682340464	-1.8507821479836428	-1.2662203645134553	-0.0729824586742631	-1.390901173988221	-0.5485667582513024	-0.19671004581336904	0.23703916850820925	-0.4113739308102423	0.4234574926393301	-2.243543332697986	-1.6949369912804573	-0.42255555420001223	0.4916073355872885	-1.0170252368965957	-0.20389649255040154	-0.4471044046847968	-0.1976994161517669
CAMKK2	-0.05266745868160753	0.0526528785469745	0.2736288182087923	0.5519865624122164	0.3187408546693199	0.5392815777668596	-1.2862026299015943	-0.1139823229704974	0.23671804067982696	-0.8052736111788958	-0.052665718758872986	0.05264824635491581	0.2736244481650232	0.5519898899275812	0.31873599374834716	0.539280675299066	-1.286289194433501	-0.11397189619740011	0.23673163871934988	-0.805262644938298	-0.05266588450593087	0.052627907177428435	0.27363013199681585	0.551991893296688	0.31872961341478145	0.5392816094227302	-1.2862040662942553	-0.11397953307702074	0.23671722094126885	-0.8052329764980263
CDC7	-0.1917225466997645	0.24231413136491511	-2.177343009650639	-1.9274191462850587	-0.9836936110297199	-0.40955191101996935	-0.18603634435493865	-1.0661620837021384	-3.2814008838972732	-1.2892115650661229	-1.6758581367135164	1.8453410765950264	-0.9119186583074238	1.1575433328002092	0.08413522191714666	0.2430416753885589	4.369330791043098	4.0425978897787935	-4.970267380814755	-0.06856608201467583	0.37618104923156187	-0.3578158148936659	-3.1575554821400367	-4.487396837741113	-0.7566672727920303	0.33604093112617744	-0.4252563724091805	-2.3372547967689457	-3.655409165104352	-1.4340148421601104
CDK1	-0.018088387249550853	0.016005249286797297	0.8815548536510153	0.6339136146796217	0.6215005552425671	0.44159087581039747	-0.10340632388544929	0.02584466102788523	0.6158112321121543	-0.10144723592391088	-0.01913715625771573	0.015845099971523967	0.9189299504514433	0.7257956005261629	0.6380959546647557	0.4828535590306538	-0.15184456023574255	-0.018117173802106052	0.6737624331730249	-0.11094779758027709	-0.018681135360435613	0.016293723121517605	0.8907911556917599	0.6806194896400244	0.6858991800229899	0.47089176848818803	-0.08595068197658873	0.05272405169239597	0.589762919448861	-0.10957147866734643
CDK2	-0.020514519789442666	0.0068841611890240705	0.826249733299396	0.3622627238791224	0.5151563174325666	0.42195142013203724	0.09931454969497198	-0.008690991118503636	0.5645398555696297	0.32928140539297346	-0.021713403874672344	0.008831496469298488	0.7994939576650613	0.33682453142976004	0.5268455295521081	0.42515128054281864	0.14476429680263692	0.038629471444575174	0.5234319229824604	0.3381242939586434	-0.022216572756099676	0.00903304505892808	0.8298815960344749	0.3683057378880627	0.5312420358434922	0.44329652520602336	0.13397793155934143	0.026164754762129167	0.5628526903073336	0.35152186791567264
CDK3	0.5316048854536537	-4.975081563591938	2.1764171746624217	4.732749704433769	1.8371638043690695	-2.634743164176214	-4.233463579404026	-6.518177255473543	1.8272622226753243	-12.168737318674863	13.399265138741555	1.038855678657684	3.941964552022941	-11.353371558442964	-0.2834293386012134	-9.24467600651373	-9.430803263592454	3.286561260827878	9.153312675084894	4.385895226354023	-5.960351228744464	-11.155064043672517	-9.036321471545552	8.374856281477724	-8.341340567966318	-9.296573945207781	3.078129510921235	11.716985430980099	-2.090147344024102	-5.143466762303986
CDK4	-0.028913753815016693	0.029997757043749778	2.416043589313848	-0.23072180729794145	2.321691263914041	1.551963446870443	5.139700306086704	4.931952670101489	3.445542735278517	3.6681168357556806	0.08466920582000957	-0.0990741036268259	4.375592676009221	-1.3540882477869747	-2.7830151817293562	-2.3474677026148636	-0.7550099370413325	-0.1027127771315319	6.001968512912777	-1.8030608831917925	0.07595778900404429	-0.07378830184606874	4.248112331011072	-1.7595584777510151	-5.306051157633296	-3.9551599451160184	-2.1098422359296065	-1.312787215869751	7.295459584920346	-4.591161282867432
CDK5	0.15386428853857917	-0.16321246621736027	-0.047399676235239586	-0.6492021662818694	-0.862161761991494	-0.49902469362992374	-0.4176624305589784	-0.9214431677558573	-0.24716012351661382	-0.31181434380131673	0.15503534304858282	-0.16495287049123813	-0.07322435025983307	-0.7300806540275429	-1.0035091397491336	-0.5951026966634355	-0.5192456187647944	-1.01284774787476	-0.26636434790307983	-0.35044962770289206	0.15986589271516174	-0.1695918430696554	-0.059390969725488164	-0.7319536430883092	-0.9850352932860079	-0.5808931961980833	-0.48970651588383707	-0.98155657782434	-0.2650000576751355	-0.3259030794478952
CDK6	-0.05736324905667825	0.07694528236646198	-0.1056645656145456	-0.13177418586560524	1.8130742425003676	1.6167185619865763	5.347455612710916	4.48395131539177	1.7781303263498363	2.825222925372843	-0.09185850193217088	0.10925369067000014	0.0674341377970667	0.3660282036862313	4.5222234809742305	3.468513984990888	8.008418330960163	7.012378851687974	1.2392755418821428	5.863803119798642	-0.05862221114534658	0.07134243044074055	1.5279204925951484	-0.06526336790356724	4.021616628411928	2.8900017102823434	7.8993453228339865	7.2366549098244	2.8833003157151302	5.7470472064371085
CDK7	0.7648088486326768	-0.8396113285256404	0.1224504230277793	-0.053589917774737414	-0.7412391969741835	-0.8636797052100327	-3.5277798781503997	-3.2340361561604793	1.4690545575572416	-0.761936434500237	2.2870297523991656	-2.493746497959388	-1.416511051008969	-3.150585199754625	-2.5220346191266767	-2.2653929712522314	-9.242143613214262	-9.268162761612931	3.4555598006734316	-2.55649722828822	0.2033061067163328	-0.26336380851932173	1.8708913334900916	3.1905070241780824	-0.6880379411296863	-1.5273632241471302	-3.287928110118581	-1.6896889859015876	2.883776821928589	-0.2764221966071933
CDK9	0.5011403195883107	-0.644906257714595	-0.5215294006481358	-0.5374227601020599	-0.3322382929727101	-0.32007726819245436	-1.3930696679690588	-0.9840061264077987	-0.5055964127947492	-0.7682251238085613	0.5536485850711037	-0.7100476919775708	-0.4924486537471205	-0.5213601622264279	-0.3289888077177168	-0.31527717806097827	-1.4612226780257929	-1.0156519566672553	-0.5103121893818194	-0.8039954469765914	0.529454290335338	-0.6799736343980184	-0.5067915664209516	-0.5286763956855969	-0.3294438510997126	-0.31648165413956875	-1.4269190077297507	-0.9982814680968118	-0.5092116332788378	-0.7866975244284969
CHEK1	0.23746072282360298	-0.3498779663506447	0.01544890016335081	-0.22078895672165985	0.2811222140118616	-0.18713828200225804	-0.6599084905282385	-0.2297991731566885	0.0655913392062136	-0.2128995046148279	0.23350501402115795	-0.3430457386467667	0.08826793830562968	-0.1156873097256567	0.34606519817668263	-0.11557736343022951	-0.6120503939746221	-0.18786128338315078	0.11286271537912816	-0.17297746603970443	0.23748036290420646	-0.3499131285501269	0.01792553417492371	-0.22569518370860567	0.2852978033480878	-0.1837915040798926	-0.6613375339598104	-0.2304228719968225	0.07310182104014658	-0.20683764921897463
CHEK2	-0.24415031658305292	0.2523335520305956	0.700834382166708	-1.4845266172993303	-2.6079427161248305	-2.607922622107786	-6.65825970073012	-6.075933841142917	1.9151949917574251	-1.8083421881340416	-0.23987214981272098	0.25860950032974767	1.00815641983782	-0.810290794446131	-2.206125006080954	-2.2164433679099975	-6.134983182153815	-5.603050030211361	1.9086348298436644	-1.6999087919170104	-0.24440953906698074	0.2497260902827521	0.6719593864573519	-1.5747014832223933	-2.6303023006849156	-2.6483308823122065	-6.724999961760562	-6.105243902354079	2.0256730655911572	-1.755310297901989
CHUK	-3.5520045867881405	-4.685646652769525	1.6461273909252865	7.791124259967233	12.379394024900979	2.816083919441301	-6.258824094485017	-14.075911951636735	-2.630584351868304	11.512612741220607	0.22566758255397842	-3.151501735286401	6.780466713565091	-3.1459706863147123	4.884923511927936	-3.531033500474632	-2.3010960634373685	-10.76447885707196	3.233358753023077	-4.003657220022125	-0.6264297138695321	-3.8430962672653783	3.934286346818721	3.5804782555171975	0.4486568775948176	-4.64473850207224	-0.5084535864538913	-2.82989812213905	0.48811528149548483	-3.1551310758024322
CSK	0.36200200634723834	-0.349410895586753	-9.71892015793303	1.6628667791161156	-2.093180677848566	-0.4967130863686999	0.8622764512276299	-0.22836079478398294	1.32675621640592	-2.8233304720569423	1.4801876296140117	-1.469166020837224	-15.0	8.71081585362465	-15.0	-7.549202431414146	-0.24071687649357182	-6.709494453624839	7.8854453941099925	-15.0	0.23455017636837094	-0.23245001725034906	-2.5755999258718743	0.8551031552120858	-0.24367199286484822	0.2930797821772947	0.984732858028835	0.5131225362161769	0.5782937449924572	-0.7044980986301076
CSNK1A1	0.011063251005600065	-0.06507201791855097	0.8714295201461428	-0.09492209361116992	0.4034738493558752	0.041371787271030594	-0.573939437949151	-0.6939882776028277	0.5398007749575858	-0.03874591438235299	0.03493769116181819	-0.09287165567033653	0.8847080782937359	-0.07929697090822951	0.4428494853126144	0.06389628955352475	-0.5383601876485197	-0.6562290926935627	0.5078540632808198	-0.016164813489414356	0.05875914319273365	-0.120829430142109	0.7284250365186489	-0.1210103493399659	0.4901881103798886	0.09775881860148104	-0.4907949051248885	-0.5868274120851021	0.3403239895260793	0.0442669862544433
CSNK1G2	-1.4724633746360896	1.307371648275881	-0.5719027900048268	-6.293194143120053	-0.5162849843516715	5.133758616224556	-1.5537398498823152	0.053607058274521356	-5.1787602547765035	-2.095742222016426	-0.538575487601527	0.4968440784174465	-0.5302743447139978	-1.731447789975083	-0.519511689487491	1.1660309262131672	-1.0871076462656868	-0.7087473166755222	-1.8011515193428052	-0.8233068361444028	-0.480041688859918	0.4462637980780408	-0.6031720295235906	-1.4599098326550806	-0.601666729842763	0.8717550072961121	-1.0421967434898687	-0.7486915856182228	-1.6545522183669064	-0.7714200772913362
CSNK2A1	-0.1296716621702002	0.1265379476223708	-0.30207358013672714	-0.1851686231472606	-0.7187882577195428	-0.7112349007544914	-1.0509588570500288	-1.0625244849527762	-0.27079238835547287	-0.7637499764346165	-0.12824953281196755	0.1259124003076225	-0.24340306891598476	-0.1715631390988697	-0.7007489036900357	-0.7053194797251768	-1.0410532514032103	-1.0579792392093614	-0.21675317139715156	-0.7540602964247899	-0.13245151175927258	0.12958293431966916	-0.2620345750057724	-0.1988782007236956	-0.7157649575058507	-0.7173776583893599	-1.0840961204118826	-1.1026582747215057	-0.21285674216451186	-0.7582663613085691
CSNK2A2	0.33106815351069846	-0.3528802248435291	0.6414187268152309	-0.01824048510640502	0.6812789670937229	0.03109490571714592	0.198544694373689	0.06253883035265842	0.3242242789999275	0.26315695864723726	1.3196972879413325	-1.3837547599247089	2.494801635594343	0.299890148510276	3.641947231746674	1.6118265560496012	2.859778517867227	2.471792930305668	1.440590602449119	2.4459290160949325	3.6262423290592745	-3.783028401043022	6.954718594492018	1.2864202347792832	10.567761453814231	5.350318509168218	9.365984130143033	8.400850191459263	3.986176699156531	7.46320190106787
DAPK1	-0.7072312960327825	0.6120159605911945	1.4625638502486973	1.8475570537577644	0.6654752588313035	0.2021509963337312	-1.3354420432039442	-0.7594318748488007	0.8627150207944738	-0.9317627864360863	-0.7071172958601497	0.6119383955047877	1.4625903505061222	1.8475486299406851	0.6655237190602229	0.20237742841822773	-1.3353613802734214	-0.7593637834249276	0.8627160697084354	-0.9318688565354393	-0.7072022537213554	0.6121405852304724	1.46253474684712	1.8475266822572356	0.6655344646378443	0.2021941018825832	-1.3353683148691968	-0.7594689255436649	0.8627002783801163	-0.9318319092070871
DAPK3	-10.121724963358849	-1.570232656309079	-3.9113581817778442	9.892212050050661	7.979458572465406	-2.442521885000221	-3.762422351459389	-7.072774546215094	-0.5778041848994385	1.2583831092012667	-13.423897177545674	6.09103400629193	-3.2705229491153647	-4.180285518422097	-5.712441599378036	5.320011498469519	-2.61576420665038	2.780947297425266	8.06760939483595	-3.021587423727149	14.788316318316145	4.0215917543754	-0.003469234742212143	13.676064861913428	5.181187845293697	-2.0736889030707624	-2.5313189558242746	-2.856389262135211	4.719556336809605	4.160676539478181
DYRK1A	-0.10185602846713725	0.10238792963250692	-1.9907158731683487	-0.5820382062289151	-1.3010266115313813	-1.3225781554729439	-0.5898853689136112	-0.9589798103488971	-0.8668778718334113	-0.3929823059870541	-0.11174928996841094	0.11343684131834184	-1.984303399007914	-0.5666749574299248	-1.2602514635303108	-1.1820875845367687	-0.6030053358234766	-0.9376434452557921	-0.8416201071770611	-0.3311765434598154	-0.07840886785474639	0.07692849809230183	-1.7958123328894473	-0.581025109448003	-1.3104498526533255	-1.383870424044656	-0.6558112752266496	-0.9873019639789375	-0.8841864587203391	-0.5047365651680223
DYRK1B	0.6532008069747216	-0.6621628063556443	-1.4903325632914197	0.48133958873102006	-0.7905701537098772	0.5323064093377143	-3.93918301004156	-2.4451960028470183	-0.5254978164436029	-0.36134610487630137	6.584687471834467	-6.8081437763387775	15.0	14.705938241637092	15.0	15.0	-15.0	-5.381528710722547	12.677082765283126	4.077001399871193	0.55293807088118	-0.5515332847162837	-2.639473921831897	0.06632511521046071	-1.4644574211612238	-0.19277950781819161	-3.910473941965258	-2.681145669973101	-1.0274865024118753	-0.559579959996006
DYRK2	0.05585496029896462	-0.0567079169199468	0.36436197635243817	0.2625416845372282	0.8134745356798764	1.2033845035210555	0.8543595635795863	0.9543488196168669	-1.062061661001613	0.642975216473824	0.041293027431311934	-0.04149304196337204	0.3410384300063726	0.14392537078904075	0.6954992271557795	1.0706015761400174	0.7720619985171657	0.7553340667249271	-1.1083932233116849	0.6941747429045074	0.02363200050692926	-0.0246639400034352	0.2585210880286636	0.08884395021073241	0.5511958693057781	0.9329188651938422	0.595330184263416	0.5865124331922851	-1.1373120324689194	0.6221704743580123
DYRK3	5.536165786596988	-5.044248908181984	-2.5485590845898187	6.30801782724906	15.0	15.0	15.0	15.0	-2.09330548591445	15.0	0.5510750055101424	-0.5398865034745999	1.102438605190096	1.675089167521971	4.111586333778242	2.310497093807805	2.352180621700838	3.1907756336060182	0.8068842327190905	2.7259538321400822	1.1672077347972822	-1.0832902549888566	-0.19354732483639764	1.4340453863445357	6.863689324809395	3.4995783179806206	4.956682801647101	6.014788902823795	-0.27803678413204025	4.1719136338264935
EEF2K	0.21629482473349412	-0.23289995384801437	3.403204917812211	-0.4073714435517226	-2.908978636703701	1.4446445777080519	4.1792536714210495	2.0993465544372123	2.3190303233601304	5.208788476128421	0.21629829181228918	-0.23291718779868498	3.403199516738354	-0.40737399460511936	-2.908921726428667	1.444643886859294	4.179327487189988	2.099210020128073	2.3189523937168453	5.208729283481721	0.21629111733640827	-0.23287900887288665	3.4031999340492245	-0.40737925902756167	-2.9089220783525196	1.4446440442745854	4.179256373411277	2.099208473035663	2.3189492474320383	5.208914885355163
EGFR	1.227055960742255	-3.086682828941979	0.556758349100819	-3.6542519540646814	0.7294969111714804	-8.59626070806657	1.6714020326002845	5.730760870418719	-7.5273181858043365	8.14855394297828	-7.298566762280381	-3.9479186058314464	-5.983158228608475	2.085559242259202	-12.793106768444705	7.71097331037716	-0.4103053129444582	-0.36491542136997224	13.324556110129398	-7.822885045169775	-7.951849006966703	2.7054746318344187	-5.721507191585947	-8.422723687136562	-14.606754313171303	-5.977386922474185	-10.800906665338948	3.5026116031603722	-5.336675740934982	3.391738267309147
FYN	-0.31341627122583277	0.3035785015372149	1.4790116387973	-0.8471362375496542	0.7060697168710343	0.808551582994053	0.5196631193076974	0.855064844701112	-1.0020502965422102	0.616772559499885	-0.3134191342417136	0.3034692082489958	1.4790114732902526	-0.8470634796669485	0.7060741704417053	0.8085698715026775	0.519660701591117	0.855100327919287	-1.0020199793471583	0.6167725945254955	-0.313415443550756	0.3033537180714443	1.4789904021207165	-0.8470856550157496	0.7059284825012481	0.8085537050261763	0.5196536401074823	0.855107737510615	-1.0021215884646955	0.616767557566372
GRK6	0.24703907316995127	-0.31158837423942637	3.0319334890923377	-1.7908612019096564	2.421827067038471	2.2725166045819774	1.4841991377957369	1.3249855157283048	0.1684360270167462	0.9150087270594375	0.24704066653822973	-0.3115839517161363	3.031931527464135	-1.7908828967880095	2.421833708143912	2.2725161915020053	1.484098688978215	1.3249734012538037	0.16846689701968307	0.9149431293631405	0.24705519924843888	-0.311730655808186	3.0319272878851335	-1.790883139281135	2.421830440615301	2.272516807724618	1.4842019973694254	1.3250044812119814	0.1684890005658651	0.9148397151200329
GSK3A	0.06009015092250606	-0.032434684450556764	1.0224483354955094	-1.1415789822627647	2.3924049138039005	1.1912412672053667	2.119673666852923	1.7518350501766973	1.912084502222122	2.023127818612036	-0.01165315148834285	0.03535303193759618	0.6682885110037361	-0.6380814573462984	1.3951440038096747	0.4955905195418102	1.3352679293100562	1.0010614177118056	1.0982517176463444	1.455093232479408	-0.06389157669073932	0.08776636532648416	1.524839619370089	1.2840120789132874	1.9648420653433674	1.152121599855347	2.0006476294399187	1.8676874087124846	1.4229661127089046	1.9548206039814489
GSK3B	0.0420380914905306	-0.055307008018882366	0.08663997958036948	-0.25506293511502104	-0.7991771943770554	-0.7008695216811928	-1.222221346953453	-1.1604349322945373	-0.25290798604033843	-0.8748364660131212	0.04021247811064934	-0.05350991072152991	0.011953797880378581	-0.3439011291555439	-0.9095144072318213	-0.8206887855173577	-1.309217117144584	-1.25390235687305	-0.30931441278765653	-0.9241389632628236	0.033015521670060645	-0.04548088609373217	-0.10358047450187201	-0.518851442306954	-0.9703687749570886	-0.8346739593124323	-1.404763059702292	-1.3523954495926434	-0.2933398807668329	-0.9540088050548312
GTF2F1	-0.4633974662285221	0.45440178869810166	-0.3434807408318516	-0.30759478497406845	-0.5291524824689303	-0.5491893938450642	-1.6277778469573223	-1.7195059212752775	-0.010489091108106167	-0.49156060780251376	-0.4633971363769804	0.45443834306384906	-0.3434805713933011	-0.30759986805427214	-0.5291892364947276	-0.5491949860316291	-1.6277965277361828	-1.7195234666774086	-0.010559620622596235	-0.4915606746623607	-0.4633952711526978	0.454296913951032	-0.34350531331718975	-0.3075824734648158	-0.5291865192460872	-0.5491941474911429	-1.6277834610997464	-1.7195037472702384	-0.010479837962413727	-0.49157740323120314
HIPK1	0.058654562923372296	-0.05845708788480973	-0.37749931953720794	0.42147409002284847	-0.02608182197325103	-0.3639264185910123	-0.18383841366145254	-0.6150500456944652	0.048825579822087906	-1.2152638683092734	0.05865689046507336	-0.05847119817253409	-0.3775001490156176	0.4214778649300879	-0.02612748402209133	-0.3639283781986794	-0.18393771260742245	-0.6150614076946269	0.048829112838571366	-1.2152692756728283	0.05865750006815436	-0.05846177057898227	-0.3775069001584978	0.42148171899435266	-0.026137395527771487	-0.3639263404793728	-0.1838389550895646	-0.615060151912918	0.04881328512817653	-1.215286245012662
HIPK2	-0.1972733345754202	0.2120502129661418	-0.5190954208695612	0.7279326307186578	-0.014782549488659502	0.1723328495226248	-1.240540965527818	-1.1749362722652197	2.613853378685533	0.6496760855398998	-0.20672889314503415	0.22011976328110477	0.08526437049572308	1.2812945829743132	0.2783847042826272	0.48270973509955034	-1.0930402947518556	-1.1005442416683935	2.9454053917337015	0.7898023287822798	-0.2076139945160591	0.22184610038163483	0.42859635506326943	1.632956594513241	0.45738344414632315	0.6514877489533667	-1.0619114120691044	-1.0526408610631566	3.0982832401546747	0.7468413894951327
IKBKB	1.422523932880383	-0.969946008297661	4.366173624393664	5.850116842282198	-5.532538946569344	4.408252557886677	-11.279309896031053	-10.240923319191767	5.612334477389957	-0.42821345722243526	0.5625127069848468	-0.4056369731450122	1.8986314001250557	2.3394632131544135	-1.3433525743637693	2.0828786820913274	-4.407015535725068	-3.7022571759335325	2.6545234420159836	0.22312459352973152	0.36517007693338743	-0.3287517278250496	0.8672145187206383	1.1086954616194562	-0.1480587028058542	0.8922902392929408	-1.7473311536526666	-1.3919374429877542	1.1580879009184768	0.1856246342353397
IKBKE	0.10143772633814083	-0.1668102151335912	0.8651235156901732	-0.5823682485539475	-0.6148657177585638	-1.300423977803522	0.8670737099280791	0.40529642876300165	-0.7187552766935983	0.959030760332386	-0.013623403557449513	-0.1274109667447156	0.6991906237744383	-1.6421281604562576	-0.9153444319812143	-2.8241773032183377	2.6887298287977686	1.6220381220772409	-2.128955482816031	1.2658143898387855	0.16550420472376443	-0.2043604230522377	1.374757367988052	-0.4682369564443857	-1.5596844106662353	-1.5364678429009309	0.36946115493666004	-0.2716828006966312	-0.7098997288469944	1.133799572666366
ILK	2.6137273718460254	-7.489386692861915	-3.5342044857506973	-11.610257747855327	-4.863384821320223	-0.3300531621051267	-3.9833469322759347	9.321374430456858	-4.32042150224349	13.906412035650373	2.1150370152555555	-6.609215809168848	13.628417979312	9.515005913296985	-10.53489575261864	-3.745877656882587	-4.8364889148327945	-5.601190475813836	13.589749715877778	-7.614823957488311	4.641954391582336	-4.3474461087527345	12.901430228612837	7.2622123118945785	-2.683669651087216	2.1954303622464106	4.146856984863155	4.3980595607006565	5.759846360549369	6.01735038154014
LCK	0.06513194179274794	-0.07137910108310652	6.955180610501968	-0.22226553877785482	2.2244149814968974	1.3468355026784609	1.1474910322159766	1.502298814035281	-0.415190342850803	2.1215426733664953	0.06507249882023693	-0.06895996526153007	5.125325195842885	-0.22085871635729293	2.1178017242761094	1.3505636075064522	1.148570179458498	1.501390480171844	-0.4153177544845623	1.9167687996730558	0.06523281780943149	-0.07069896384868729	6.95539508080235	-0.22222029948788868	2.2244203581927757	1.3468767452856942	1.1476883663032602	1.502366361700691	-0.4146469190492388	2.1216838455605322
MAP2K3	-8.012275997475587	-1.0161643793226003	-11.551143872943276	-10.324751838913652	-13.588038898836013	4.82711737570469	-9.304234410485899	7.463696461766766	-0.5205744544903601	0.3469810518434293	-6.7526758139479615	-4.5373920319844965	2.4471367616748556	1.6130774278880895	5.580731097587607	3.6628068450224758	11.883431405914877	-3.450685194596287	-9.817016522375006	3.3824075273579317	-6.176674307978065	-3.16424751042073	4.902469786283527	4.896906052029927	2.7234983943456523	-0.1745956850254378	3.322773668534706	1.1684883909201915	-8.481660822544168	2.4672650852579574
MAP2K4	7.174972750127949	-11.805565214855676	-8.261312890852057	-2.279663442264268	-5.140569561781983	-8.187117825032265	-0.3411346951207899	8.49116266109224	7.616551318522994	4.683269760503837	-1.0562316959571527	-0.7960822079241859	-6.144146485828777	-1.303148443283849	1.5899596926533137	2.9694470021835477	-4.649008615046051	-0.13589122910367402	-0.2821362976937091	0.7563113224211215	-6.401701518544088	1.6217278825380412	2.0106306001542746	10.244492086862035	-3.9371364981631705	-10.890251357061018	-10.590324939824951	11.551472669978061	5.428699364827511	11.385443266608835
MAP2K6	1.4799455978022462	4.677448668411874	13.113859443250094	5.835495206709061	4.564888593206594	7.521025782173435	-1.1302322932588533	0.21944923200872182	-2.288511674266105	-8.009740353087178	9.666878679742029	-5.521431366095908	11.43167567247891	-7.3045974141747925	4.997622891848268	-4.013416526555249	-14.1600504190139	4.545082175973133	2.826993829143658	-1.6370069618320173	-3.9893795260053833	-6.762054669292597	-0.7920758299014031	-8.79409188688937	10.160569050690444	10.144869919773951	5.974191910246645	-5.367240820328611	-0.03145446604751423	-1.824031219728019
MAP2K7	11.307939470949362	2.1121822353948443	9.092077366569848	-9.136583750858982	-5.382377633350983	-4.202723457009515	4.025273470210845	-11.072074649382882	7.63169859933269	-8.087669085138584	-5.767842891937242	6.208327637192793	6.953059596177739	7.922851230601427	5.3680602796575565	5.310511000202991	8.868767904044528	3.488801496625356	-1.1302999844347221	-9.744673255262452	9.797977374582706	-2.9733785341749828	-13.022761407896962	1.0893650993879342	-4.448187568593461	8.35457658721603	-9.032547048314424	12.97391944744607	-8.121494740870396	-9.177188279065788
MAP3K1	-2.144263525532093	-0.3587831777376362	-0.088102422920639	7.132539058095824	5.539098399005645	2.606734444717568	2.853520718540894	5.734148360076873	-0.3277277691047094	2.9902252597110093	7.219455577421149	-7.702058223167079	-7.850348363935327	-5.489163532046795	-1.1280636350853401	-3.4425290682933953	-6.7826269642594115	1.165282582445584	0.832179271782811	14.04910197730919	-6.526655060716238	2.061569439134261	9.561482023709303	3.370000986037064	7.706285496288289	-2.9081943341152487	9.851821655778021	-3.8390125033709075	5.171642024717875	7.673928972314683
MAP3K12	9.65179069315363	-4.194911779702276	10.6955376943641	10.76388980890151	-10.951888832921242	8.634041811698514	-8.21867119999769	-4.55541721383072	-1.6011968377595445	11.442181540755383	13.653364446013265	4.486764913682078	-2.1743289126839023	-4.501202762799222	10.269789799079087	-2.7276118087548347	10.967044975066484	5.497541013760555	12.291879889638787	12.728660377234164	-3.8912599184359054	8.678142797118236	-13.255523749428418	-5.480175604049998	11.393691525880472	10.563011157057936	12.007478117646958	-3.164229531884077	1.710372153446069	0.5214356137870506
MAP3K5	-10.735740821362743	5.224008508033456	-3.515861395304097	2.9749394006491627	3.7759499747101906	5.129424075678024	13.109491151184939	-11.072720111914014	0.7295432483410997	6.89634937105655	-1.0695289248920363	-8.780000458716852	8.270110013182638	6.333042575079777	7.138029544889486	-5.093849030074067	-4.579074667837378	5.857955756489901	6.635983681034807	2.991003863408884	14.76498123939023	11.99854707161129	13.61783156964131	12.75217921825492	9.079887335134076	-5.347442233118073	-10.623295845624922	1.0833400173270875	-14.62324074662615	-2.6947358054412205
MAP3K6	3.481822345707665	-0.23825573267416117	2.524383577011768	-2.5234901204365965	5.950099859270817	0.3766246946124617	-8.838398689237515	-0.6011616938765111	-6.202821962591889	3.057472188261635	3.628700824148301	14.06322574190871	-7.491982764294586	11.766171840506216	-9.943191876075312	7.492775080493317	4.5560173257865175	-0.5530046650514134	8.9738667179885	0.7226082451634471	7.677375916630717	1.0337534955076968	-4.760449337813728	-4.223567102548909	-4.599191423361974	3.7365482093940483	-1.2847570707391267	-1.3701902536704071	9.64599069660552	-1.4869994063851966
MAP3K7	-0.7710110559062776	0.8943236602940661	-1.3060576192346256	-1.5556491045699825	-3.968170220790854	-3.0731637840445263	1.5887421371919654	1.1203697137197492	-3.4742579917186025	-4.890223629750645	-0.2769582719490762	0.3301298653156351	0.6425746006485958	-0.890806380353989	-0.17780624512072268	-0.1779638075209569	1.535806482675725	1.564629545984839	-1.8979056776701886	-1.699450025997308	-4.826802253418869	5.3528622609976875	6.664976340965735	12.44496482568763	-1.9056097436144803	0.16892707569662319	13.267294044460296	12.615668888896801	1.5794558069660063	-1.1882567797601564
MAP3K8	0.07586329739560504	-0.07247688053088085	4.2590712629639285	3.564209029803608	4.423877935022083	5.080715517833833	2.7330885909467444	3.9339792262585496	0.3788692704137703	-2.843239403742528	0.0723730143388835	-0.06836072255579483	4.21224060597694	3.5232976462571615	4.399710993130598	5.066128714563756	2.7313288966650107	3.9300809044208167	0.3289873577364221	-2.838266192456244	0.035948992239756325	-0.031590659054818615	4.39958107774708	3.537151381682567	4.332287795227229	5.027353696461461	2.5563446836314663	3.664044684568548	0.28657480691765624	-3.078737752208195
MAP4K1	-0.05324265200530014	0.053215157760588126	0.5003244258665493	0.8764151682585265	-0.2321908730852938	0.17232872390102558	-0.24023200750361023	-0.1440987539081251	-0.06587846946102377	-0.3739119965591249	-0.05324466273409096	0.05323311747785737	0.5003247704687178	0.8764078600490248	-0.23215930338251228	0.17231190533079752	-0.24022488957677968	-0.14411671367955067	-0.06587313530614985	-0.37391053037790867	-0.053239270761306	0.05315797218703733	0.5003378387248729	0.8764246208553074	-0.23209645744088464	0.17233045909377698	-0.2402122920716331	-0.14410102698774432	-0.06595132509216532	-0.3739403366228157
MAPK1	-0.06273718221503259	0.05840476163208696	0.5982208205112796	0.5348584687653618	0.4761739848420657	0.3573168527886946	0.2133214963651042	0.20708563293729854	0.6519786073216253	0.3667567043305511	-0.10122656230630694	0.09000774380896226	0.7065868218949389	0.677132427539776	0.5165684359780942	0.43118400213097063	0.20558089959131515	0.24198696062804267	0.7732155119136563	0.43778728249597754	-0.08136786687726852	0.07755063165732497	0.6991477693528703	0.5775796668801574	0.5302134303038213	0.40767450856793924	0.24006452781940296	0.20435185403769648	0.7183064646031525	0.42373949267969735
MAPK10	-0.44396292614947047	0.4572923038814242	-1.4969347427294124	-0.6054695763272445	-2.4918154638066405	-2.618450023294461	-1.524019191524206	-2.0062139157872108	-1.578327587224282	-0.18892317427154853	-0.16300735492060126	0.16166501381701853	0.2979299807490531	0.7619605458203769	-0.3926003610447521	-0.11480342733440005	0.3725701917122872	-0.18801855326168043	-0.9120636552736314	1.0584367188588482	-0.5578981570399587	0.5412996574686306	3.5457804402666735	5.781915967658489	3.0162572945040473	3.3470092944240246	4.224458856576797	3.3380060453113747	-2.4540007785728855	4.68236981572695
MAPK11	0.722527314994975	-0.6989910652714428	1.4108773348267958	2.6791233297326067	0.5300596014650497	0.7571110328278026	0.8678172324591521	-0.9711162262429572	14.283641714024846	15.0	0.3014264280637434	-0.22279184542123326	3.3002226531733334	3.7466747313335844	2.173442701689241	2.1293736866933908	1.7396645980378527	-0.11292783323608266	15.0	15.0	3.7580931401417192	-2.9575354826437916	11.177023263946708	13.746293033070003	6.820479636521094	6.952079314260826	7.818735336645072	-4.570725833348847	15.0	15.0
MAPK13	-2.3894613442488026	2.2365890638305514	3.2744771607216117	15.0	15.0	15.0	15.0	15.0	15.0	0.30830863953944393	-0.7919384253479721	0.7346154700216077	1.4373760176301122	10.879659100378873	12.225856960327231	6.348763736183266	9.120206545804256	6.1572182611372765	5.5873469286897555	1.0679843876865136	1.6957068097022299	-1.9087633323834343	8.10693460737057	15.0	15.0	14.819556022359334	15.0	14.315941161873939	15.0	0.4271801924832384
MAPK14	-0.07501753094604333	0.05326078454851773	0.4363571984708815	-0.39678219333180265	0.2292295371663956	-0.21863041173354003	-0.3912199141966881	-0.19448010671847327	0.6773495773526648	-0.16074053294114482	-0.13469227762806513	0.1307706746098107	0.42453481724009445	-0.4024381106958249	0.2960946485451075	-0.19178558317703032	-0.3017934166692556	-0.12375463213202778	0.7103957670805459	-0.019596575887077496	-0.11662376791365277	0.1001383186461217	0.32798654361291	-0.45229271154458556	0.2519936114325815	-0.19743935409713995	-0.3231602427661541	-0.1841115769714218	0.6950856971525597	0.0007607240578112738
MAPK15	10.63510579558439	10.175562610125354	9.775224638898882	4.477412965328366	-7.967453804112229	-10.698971049357008	9.478401801471726	1.5545749787016558	-5.556106996193955	-10.869314501428288	-12.00693448887489	2.8846585555061157	-1.3888812115624831	3.9466482634002578	-11.31872909696747	1.418980628418999	-2.545298181586156	6.712558977706061	6.776372491329957	-5.62334243113944	4.743202604466242	-9.596357145226952	-8.346291390005883	-6.162540840921393	7.803679864853187	-5.819641132813173	-9.696655232948116	-11.249635722839034	-4.255556188497666	7.2932919368236675
MAPK3	-0.10278781960586991	0.07999309508349522	0.1338715783508355	0.5578017217969427	0.12419441985585501	0.31666925991617156	-0.13985309806347795	0.030739027883889488	-0.2691084857484364	-0.06778092183571716	0.03152591785881114	-0.053787079522491385	-0.11511095904394879	0.09805190677422117	-0.1842223921672156	-0.06744902189937754	-0.43717607780869283	-0.35345665984939856	-0.4757446560800678	-0.39268438642304565	-0.03457298773747896	0.005678636145490778	-0.12447767534321794	0.3277430807716668	-0.1858901285405859	-0.011786162627287902	-0.4161468724691494	-0.11074859971858322	-0.17094226763777406	-0.11390709123578177
MAPK6	1.0536285184605205	2.305077613813545	-3.4861732896411257	-4.508563658705776	-9.193813507634664	-5.511352486891974	-1.7702054340655307	2.055971676188758	-0.2111163950479846	-7.781642312344709	-0.8294627386044519	5.25185051978986	-13.235330433659431	3.271709406343793	-12.746163530496025	-0.32352250928536663	-2.598561231433666	11.056551075771882	-5.909003628471092	2.0893610630136874	0.5278609243942269	7.362601295028325	-11.019394611182618	-8.373360412444512	-7.492772048098417	1.0945348710022749	-6.465313693110978	-1.3250677656248	-2.4796307318114152	0.5483619427348789
MAPK7	-0.016801373019884665	-0.006915738746505544	-1.451999868232853	-1.1006301236843332	-1.7182932960189108	-1.2800057681258832	-1.4987010534563987	-1.5506358828728906	-1.0297339952200777	-1.1449129138727194	-0.01680234993641964	-0.006896383080229859	-1.4519992599908813	-1.1005745934411155	-1.7182877931617881	-1.2800093311937057	-1.4986848795610221	-1.5506183761322037	-1.0297610827230126	-1.1449127890513582	-0.016796386710699288	-0.006630310540650829	-1.4520091590060975	-1.100606998533057	-1.7181214750118032	-1.2800024553758902	-1.4986940639037925	-1.5506183644796225	-1.0298939217042835	-1.144934231118815
MAPK8	0.11571667080170153	-0.11782042559723421	-0.5896490479910739	-0.7971566423082521	-0.6838384451218058	-0.4368245905651887	-1.0856782715109596	-1.4318582503840511	-0.17224563926393022	-1.1201581297533094	0.014938195913477692	-0.016998794234703605	-0.9125634527176002	-1.0853941622464223	-0.8433011401718736	-0.6067106159964667	-0.8148897456581863	-1.2803327813489809	-0.6204322315822167	-1.1155975380596856	0.05889513498966441	-0.0556749163226926	-0.8996477485095767	-1.151439738240904	-1.2401636764362731	-0.9779824851258142	-1.5708344279983106	-1.8600131189269478	-0.23990880014523208	-1.3480897819594555
MAPK9	-2.381160254057649	2.6248435693764938	-7.188138086720045	-8.154795086421718	-10.082276193983693	-10.228771638918937	-11.513721145898149	-7.840777394803027	-1.7261000152310189	-7.088596106386819	-1.7433652423867807	1.946926550363841	-5.796822138034617	-6.667541364543817	-8.667393048764731	-8.315594954406167	-10.47775064268686	-7.613253469666537	-0.9693037025988721	-6.798244694182807	-4.4452586446772	4.785603594238714	-15.0	-15.0	-9.811296248932258	-15.0	-13.977815276473802	-15.0	-11.72880179171292	-8.531528772940993
MAPKAPK2	0.11343076074746165	-0.12282453003981411	-2.016341296137432	-2.354518486992054	-1.9250810776033078	-2.0129133844794174	-1.3041064821545403	-1.3082404759159794	-1.3190283256671291	-0.5752420480653688	0.119289957017781	-0.12936449804825179	-1.918824099748149	-2.2637758813389453	-1.7896910132504742	-1.8833639232840031	-1.22803458230429	-1.2283007858871726	-1.2713651331910043	-0.5238770691919103	0.10736366158646307	-0.11638157651971724	-2.087561599388817	-2.358567360375731	-1.593035856267097	-1.802168288867064	-1.0569274542898102	-0.9157766931642033	-1.361927229184308	-0.4444062417229907
MARK2	0.017071588941388677	-0.04185875047320705	1.2262534620212384	1.351642738297422	1.7242692392668104	1.6930556998521515	-0.5252227871217346	-0.21672796915959192	0.942649170083623	1.4547466167634966	-0.11316417999512428	0.08443285084681164	1.3550097960445169	2.4168696432380474	1.7359927373782003	1.8488840733241148	-0.7196368564967079	-0.41796509670575027	1.779080552105315	1.977463745137793	2.955704878207403	-3.301494495650866	-2.8874903488554513	-6.642402799325992	2.7474638602739025	1.640717871541726	-8.942034964114997	-8.200163041087766	-0.6837134487406072	1.6960886931129984
MARK4	-0.09281354875533131	5.698548218995431	-14.96248338232142	-6.109068906190911	11.776905875327406	1.5935200791068447	-1.5709753417212768	2.961234097575772	1.274573371888625	2.763460971916453	5.345864394518231	-4.663418729663582	10.652053856056433	1.7669188670939697	2.5354281073760734	-2.8960197313786358	-3.1403451081933516	2.197241098678678	-0.7838614290982155	-0.8311426350095729	4.960149216866764	6.625154497794311	0.6088209542869784	2.44188005972616	-1.3935527201385478	-6.620280174371172	10.443306150201323	7.160148713525997	-8.607201619414488	6.788880530168349
MET	11.791841088300375	0.9028933915790801	0.3452034109191305	-2.5951256133594667	-13.802590534536835	3.710272091531451	3.968063527392073	1.2920121860443365	7.280391054664456	2.561368273052105	1.5943734575570103	-0.5615183170317732	3.1268991071251224	1.0575855372676772	5.891630297732783	-9.621118773559555	4.56268173261749	3.7069354891032815	-4.457207525385764	4.828163782930749	8.823896864727809	-8.283713464922107	11.212947861137776	6.0928118329871745	-3.2210596274954404	6.554605167545448	5.579063539250728	4.876811440003459	11.252382091706567	-5.729634226407694
MOS	0.46145163724560934	-0.5102096687135871	0.2977354975952712	-1.4722667207485869	0.821200198570551	-0.5607683093316236	0.7152417712884466	0.01779619603784021	0.1586046301711353	1.0505659856184255	0.46145491148653267	-0.510215509673057	0.2977326995978778	-1.4722662869777037	0.8212212992088506	-0.560769194688768	0.7151987340696035	0.017786954520598922	0.15858817524170246	1.050537993394772	0.46144774360199037	-0.5104269981134626	0.29773849082789144	-1.4722666058510376	0.8212314108512349	-0.5607681592632353	0.7152415359453402	0.01779750406611668	0.15857634289301567	1.0505285349572027
MTOR	-0.12098345416535299	0.12221440007191894	0.5684479518719994	0.3407524046491908	0.2993151631778038	0.3602885277244169	-0.4969854456930413	-0.4100473009626463	-0.022997324218740366	-0.3872790034448801	-0.12744388520540284	0.1290026322603157	0.5170929380697286	0.264745938939349	0.1784449507723172	0.22946209032414652	-0.6148058755608593	-0.5580213413707868	-0.02419888287986835	-0.4225771903083267	-0.1300984754000643	0.13132963757288008	0.5288292449301686	0.2793382611384148	0.22139409909383814	0.28533033466656677	-0.5894278936752219	-0.5128652521420654	-0.019195067622783744	-0.40027709247947485
MYLK	4.326789139538056	5.910609082336541	7.947025300248254	1.47386276514965	3.735989483787762	-1.0004148157866706	11.967153749112818	7.014940499403495	8.018505951042256	-10.052130749848349	-1.8608203806631005	-2.4454507292416734	3.0453254624680945	4.538576140435553	5.361771540259909	3.015194645513592	3.5933543484879893	8.343237770629132	-9.207636309275596	5.109582408605644	-9.620156489360879	-6.382609902488091	3.927998990293045	-6.061315074002686	-4.839228270175246	-6.4591116341202826	-4.044112552106452	7.084759730058289	-4.431894239540196	-2.992786906833742
NLK	-0.8541854709072852	0.966860358325518	-0.004935281927873373	0.5346901272955334	5.167554008553725	5.255501489618409	10.18131598399339	6.907172474137926	1.0069867008352378	9.641548964995064	-0.34870686949819063	0.37727041256171584	0.2600307336532666	-0.17068402079540615	2.095221246795013	1.7277823138891701	3.6460499827020914	2.4914811939212793	0.7685429150821882	3.4927967957683697	-0.4827422358263579	0.5239146367843207	-0.8908007285860097	-0.6925643612534828	2.0741373578440587	1.8316666015483827	4.564394078179993	2.965031382211578	0.33061224488467644	4.434434028523856
NME1	1.1795767247174145	-1.4361743064487331	4.123643940407716	0.44046937639002315	11.096867315602326	6.289119888880835	0.19317808636502698	0.5076998884740931	6.422729504094399	10.81450986477383	0.09624868570096051	-0.12071087311435201	0.5195363557038373	-1.049376295605342	1.5011264751896467	0.4487936431699391	0.4092321480039502	0.29427279101889803	0.09285269125548606	0.8183854054387384	2.9317198369636084	-3.2834438877989656	-3.3130565170978583	-9.33736170733358	3.262500198631981	0.16227205886306748	-6.683842372878458	-6.590997204777494	-1.0197494956294282	1.682575157875313
NPM/ALK	1.3761897281033646	-1.3336118202128031	4.979886594588816	5.440705364152372	1.0597874056034744	1.5404062668001135	3.8058429636374025	2.561817453728203	4.075455723773784	2.799896009810428	0.9209572572621846	-0.8949794779068038	3.1852563808154994	3.8382191735631004	0.6555916512557962	1.1399544418354914	2.5365873232412994	1.7626850021670102	2.2217057420702786	1.7170486178751703	1.9606106210444043	-1.8812402480523294	7.370248801846116	8.14218920683985	1.9041476897559813	2.6923730449017733	6.073756805335294	4.014097781823243	5.3582122843330495	3.9226332118749725
NUAK1	0.1987533655599559	-0.22293692146812938	0.1230477649890383	-0.08197435182492116	0.18000809874007304	0.1120892521672914	-0.9948197771105679	-0.7054975774867088	0.4992950826164999	-0.012448875418440426	0.19880073109282567	-0.2230259735515976	0.12299113314811864	-0.08196454267812049	0.17994073879161157	0.11203779627952766	-0.9951631419302669	-0.705497184811319	0.49918765778232105	-0.01235227442888299	0.199016602963313	-0.2219639006244523	0.11571199549970061	-0.08188489607388187	0.18007326949257765	0.11166705778038113	-0.9952109013726119	-0.7055860664870273	0.4999207654401034	-0.10629739853754393
NUAK2	0.31382544610835117	-0.30639321954696497	-2.1751936327839254	-1.09568611756168	-1.1647165070846544	-1.1897951093695556	-2.0289317590373166	-0.7594713126708942	-1.3067105525681	-2.8059866996067155	0.2863817033614891	-0.2861900761917075	-1.6306544106953837	-0.8554941152971435	-0.8461433518845961	-0.8810346218174453	-1.783976340689628	-0.7466088367182571	-0.8786904325527325	-2.144061865472202	0.9574744759600067	-0.8180907402068055	-15.0	-6.8851392705554	-8.84056137881297	-8.602068884779676	-7.914984542702601	-1.0634992568117159	-11.636139436801516	-15.0
PAK1	0.2567000654935544	-0.2509257548024748	-0.7963726828494805	-0.17213424762403495	0.19002018855778044	-0.03558915168840001	-0.3200821015722531	-0.7193944439647216	-1.3067708980410149	-0.4153450956634441	0.14200857195661476	-0.14481087656666888	-0.9118448631901933	-0.26548886244063413	0.25482932160877675	0.007404923770070587	-0.30919910090276914	-0.7762003309608395	-1.3056651531196077	-0.37030332344120503	0.254591704897006	-0.25448207521764427	-1.0074215216955682	-0.11824454929323529	0.3644305965880342	0.06315730923248561	-0.03632017042362783	-0.5453466390722628	-1.7209900283942603	-0.5776195576014399
PAK2	-0.02895768835416016	-2.817396935611872	-0.06554664168694331	-0.006301678381272109	8.324346701511509	4.465143904439482	1.985185079769736	-0.8708165966595194	-1.1475588344233332	5.97815708710204	0.5528802143828724	-0.88543598279584	-0.816314549258249	-2.423196482608394	1.264810210433231	-0.055174314719866877	0.47647551371577124	-0.273963741912232	-0.3620750455270501	-0.44441391370034206	0.3927167283932268	-9.077685780399108	8.662256693110583	4.860696492510555	8.945536610503439	-1.3493082364913311	7.654974473195549	2.414072899641419	1.2017339236734006	-1.1865406379779362
PAK4	-5.9607181405366685	-4.2439709794299025	-4.31888231354724	-5.869988244900721	4.265850957324846	-6.556655764567799	-1.3640907663900255	5.265536105319463	1.8240089214765236	3.314408830581072	-1.3539272200272536	-10.799203609932666	13.516353473539098	14.92006308095105	-4.242622711998236	-1.4345563258758838	-5.432928929035621	-2.2541772687593316	-9.823674604776915	-6.466595951095961	-5.843878544547605	-0.5537956888045823	-0.7496226128299366	-0.6062157600647617	3.9608976989269515	-6.906734286024322	-4.18564239069818	6.164819761764276	0.08845024194707052	-3.387204466193631
PAK6	-0.21345835017459802	0.20787828233199665	3.543134505493632	3.8135164227929517	3.8892883393544957	2.83023405453054	2.02961749831865	2.3453014286701914	5.023143324466553	3.4778423371828318	-0.21346067658363496	0.2078792771143465	3.543137362153885	3.8135163622273445	3.8891999927562697	2.8302343455110752	2.029539730074368	2.345305088356831	5.023146885973675	3.4778593071574986	-0.21345513852358847	0.20785110392512263	3.543126053293078	3.813537153179854	3.889168097335767	2.8302338373639833	2.0295954205428903	2.345274106480604	5.023145396744789	3.4778503512295766
PAK7	11.158786032369592	-2.501437622762806	-8.473817858927992	-2.0964225506701557	-3.828651460590098	-7.07197464765108	13.573654638955054	1.4809736679486791	-14.314581823746312	7.992815106019838	-8.953605572550305	-14.675047319587565	-9.671238067353348	-14.021999764712936	4.1119352662654425	-9.526979508587049	-4.566376971034028	-9.541843702126837	12.226575806356612	15.0	-3.569032140893259	-8.59023700363132	5.254998449431211	-11.948183110338967	-2.5968387198863203	-5.276625910180924	3.4345786367653686	-10.0347971270457	-4.39473826031522	-1.7247102848539337
PDGFRB	-11.818372501687088	3.686773157126923	1.1351215521966944	8.5303582944977	10.215890787649755	5.43268463522518	-3.2406136538052333	-8.503621815547598	4.816440088146478	-11.329812461987405	10.352211680613367	11.42997963826517	7.755089757884052	-4.785195962102393	9.078726435945958	7.992675817025953	-9.095730665985	-10.913680791243547	-13.397157998730451	5.007094173169264	0.8928621966696579	0.926516157456917	0.857773818058487	2.6414102953905854	5.916069680807716	-0.531302310942962	3.956316436758417	-2.275029200273002	0.13748532171840927	0.6767200746333488
PDK1	-1.5105590522980372	-6.063765747928217	6.42448346500055	5.892981832037507	-0.29996321585609914	-1.4511588971175562	14.0459505465612	15.0	0.7586530517722071	8.534817792450761	-8.246174034546462	4.440896695183544	3.0327111861559914	-1.0289253454716516	-5.965187736936662	-13.904847092751377	-14.72493530297442	-15.0	-2.6443956639855317	0.7886131626742978	0.5979613508559042	1.153553740725483	-3.813832622340507	13.577614308508492	-11.74699562100621	-1.8084029113182822	0.4190107194612593	-9.333895980673836	-6.431012714202457	-14.445393819743423
PDK2	6.115793859273638	12.411023527256388	-9.245596700962706	0.633345437941784	-9.355429839166764	5.654407961978153	-7.801121609199375	-9.477378344478128	0.6387215633583897	-2.7482661749467847	-8.85763632062724	-4.3761031763588925	8.31002930904714	1.183827587009096	6.674219861264537	7.348571284093498	8.55339618714191	13.60404915236848	-0.050403074117329257	6.440833405233994	1.3793496626051187	1.192018602094854	-3.142444737211069	-5.524694863857469	-5.924257756800082	-6.765429252831263	-14.653454005830131	-12.939409957840702	-4.072223846670448	-7.595130255864151
PDK3	-3.484766420554228	-3.9501522460747096	-2.231201687037566	-10.442028722733278	9.325681625727327	-4.454074427794645	-14.999952004945653	-15.0	-3.0182767120066543	-12.152126147444523	-0.5311488269560697	-7.104556889892141	-5.528723424898385	-2.247530478081389	-7.855535675368121	3.84098661934713	-14.69761164059549	-15.0	-13.157591551836907	-13.71621326723952	1.6278410226809727	1.3825355444984935	-2.0863063733436986	-4.199280362083887	-3.303651659314414	-4.331549470175152	-6.251166156543378	-1.9767766648395626	-1.6046554667841422	-5.807817706392169
PDK4	0.2032314829967995	-1.3960240350403028	-3.399779505009037	2.116767510239519	-13.79628603959225	-8.251933875220947	-14.996976722179689	-15.0	-9.014488994369062	-6.33016881181477	13.336534427931968	2.474076568991089	-13.003216382543794	-1.4835246201881092	-8.933561826415467	-5.140837072350358	-10.927262237766474	-15.0	-2.550994277674765	-11.72625933230269	-7.793076586615904	-8.89273341680946	-1.9757917154789413	12.26933013031496	1.173145257938951	8.814119837513774	-0.26050011562713077	-13.983412038748192	-7.442205129683171	13.803045848657677
PDPK1	0.07704634861223505	-0.09548069709098315	1.0213574715496572	1.1780955996972675	1.1701419755322395	0.9543248533862124	1.2381613759273848	1.2503692922872558	1.1614015070107162	1.4711203702805	0.13627089747887544	-0.16817081611992846	0.9213922239176335	1.110989035740324	1.2274606923294522	1.0012497662070783	1.3585699436466039	1.3374426530234131	1.1706335532893597	1.5867639011981294	0.054002418319567896	-0.06608061310881813	1.0791655278374281	1.1958744698529207	1.1392307970940398	0.9303656974024657	1.160014717384615	1.183994302133338	1.1629357460883811	1.4057742423959874
PIM1	1.2789436689165743	-1.6179025892865497	0.03353788425078119	1.433765331055239	1.9355221105589016	1.3212980559084126	2.801012773818684	1.0270480383834544	3.48406681345271	3.4368500056176234	5.65911432950168	-6.927608722759489	-7.0133728149587595	0.26170400634476976	4.02577972129184	1.0757330298154926	10.660776634040872	1.8806810023902758	7.764122617509421	9.396627357524993	1.252280647650513	-1.5948520994799718	-0.41831991747868774	0.9463174940016452	1.5694152814991442	0.8891085401876713	2.432320389343923	0.6404696610100018	3.079044953009036	3.0329795970431843
PIM2	-11.664846258492812	9.34126766144363	7.42223350558381	-3.4209756393533333	-5.558886790194436	-8.447286850546497	-9.594120962912132	12.210574104102582	-2.3839941005616536	0.5773906769540308	10.037873495979035	3.508687246694715	14.999997523615955	5.7637531533225035	2.645067189230187	-5.076929072967027	3.7148811783224325	-3.897952345541396	-13.614391371517018	15.0	13.75740562163908	7.895408685997713	10.731256205999099	-3.8121429759063834	-11.402168427790466	-12.53940514416414	-8.454225000844145	-2.71601926571075	13.962967202789438	4.82567915224526
PIM3	7.466401929585265	6.6743101158941425	-4.732032770768814	-9.624615666095995	11.232015380307367	13.401577320049078	-8.60589619832211	-5.991765142295464	-6.882115192266447	7.019473808030806	8.181225936893275	-1.1107641409035751	-0.6947218038555442	-14.476757660005724	-5.531884317387087	0.08898794884526602	-2.152997056394491	-9.086746521997515	3.042083546412377	-1.3434783125607783	2.1148049697462983	-2.5103955811457737	-0.3950373167697364	5.148778218672284	5.706403040887439	7.113996063096402	2.245361570769568	1.9981606951832829	-7.321139086473146	11.538313969413071
PKN1	4.469331235357182	6.460404790788547	-3.682100633371854	7.793248262700452	-7.671066793598913	13.442282087353773	5.5308971888040475	2.5428887537659843	-5.870422888605518	-0.43616780449548403	-10.775799503042697	-4.23598115418115	0.33140002431867244	-11.935931474452621	-7.001754966824155	-8.428891356410421	7.851459404952787	4.397354452719731	14.738204476147398	11.277911795506585	-1.1815394036455686	-0.6044445162002378	0.8749437121671788	5.8248374411178085	4.531894926245406	-2.130273125029623	1.2426238822302813	4.642651443601464	5.7294970806833	12.119020268539801
PKN3	-4.177087988207948	-4.998806676713677	3.1655036814087403	-5.591259967974878	6.763138860258406	-10.6011543040043	-0.3087286652037659	1.6338605232915413	6.9057105057592825	3.7431551053451892	0.679691785504326	0.8555107491266206	0.23614412549470642	2.68930454872577	0.5087089328261294	0.850488921095172	2.959919559518132	2.210799336401191	1.0691097933842235	1.7427767454961889	0.6631966278784752	1.4542659385714676	-0.3360938449300559	-4.019671756874827	-5.216382925100324	2.788747710252643	6.023770564442674	0.29822544444092997	-2.0387087092389256	-8.291511931652447
PLK1	-0.0011509959985681313	-0.047573683277301035	-0.48971719347947473	-1.0945784533020533	0.6973137561826177	0.9985087690403074	0.1619924375436575	1.1206721696823498	-1.2897814457343126	0.2708830946145332	0.01793577004158485	-0.07069174615285007	-0.41253497700014446	-1.138268683326927	0.7948408756261389	1.0817766788511483	0.24620777908378683	1.267280069842642	-1.35589752744304	0.29260032679332104	-0.019760365361099166	-0.023675178760909042	-0.5200086079665506	-1.0062214637735278	0.594778657565248	0.8942455740468067	0.07545839487662026	0.9452980265159973	-1.1643860443430905	0.23920871815683042
PLK2	0.5804992924647082	-0.6528311364237052	0.5878783162498077	0.5737338027830553	-1.336155151769461	-1.726059185597227	-3.886355313905431	-2.630088046012073	-0.1619419256193248	-0.9784875121311151	0.5805049143853346	-0.6528418845807886	0.5878732554235387	0.5737299286413098	-1.3361464756509511	-1.726057071735079	-3.8864212416400625	-2.6300752441203885	-0.16191039546370903	-0.9785107610433138	0.5805079550309301	-0.6528883794958165	0.5878652677262851	0.5737287967739837	-1.3361666256454532	-1.726059155316374	-3.886369001255666	-2.6300540495809583	-0.161895859536799	-0.9785328857436532
PLK3	1.1620712656217647	-1.2525594424712854	0.4530621574155923	-0.07793680015464194	1.6363018540602785	2.2087169039191865	1.5076231213109077	-0.3259952741958018	1.0588016984560222	3.3484389974821336	1.9769675440761347	-2.2077466640885945	4.339299339071271	3.6199271524218735	7.392861596660234	7.238218277527132	7.627857084419448	4.722612187853025	2.8282502304432557	9.113935412226866	1.5238306979502971	-1.6297131587240972	3.653434744352319	2.3266457527096756	1.685784228699241	3.8009845647032807	2.216025789763336	2.840864536475657	5.055028287770337	3.8265979248334108
PRKAA1	0.1549623741476016	-0.16499368014861882	0.4005312721550991	0.04177260226476933	-0.08531285259874935	-0.13460636407055993	-0.2793630199508949	-0.060412016390096995	0.6246792836318427	0.4240695301104369	0.1453502590435457	-0.15411185587956208	0.26540101571871905	-0.04482055692280192	-0.17376432882215048	-0.2062099247632026	-0.3609027120778902	-0.16302464477351414	0.5482301089757222	0.34569979878233603	0.11937765633191258	-0.12896650931280523	0.32258772477270226	-0.057166119040263315	-0.10982770582203301	-0.1298080299934864	-0.3610338531268621	-0.11944187130166807	0.5416172948861779	0.37675868200934987
PRKAA2	0.3240370229757712	-0.3550651647316238	1.3775202095235546	0.7785169551568236	1.3820106017511125	0.9548479065550407	-0.22025338439189945	0.47406190942435095	0.761514085530152	0.19082600048197787	0.28064504672489143	-0.30866315496608643	1.5112407708041231	0.8201112623166346	1.4494186508710125	1.0511071767792286	0.036466153588152195	0.7493912264207572	0.7301855173016717	0.3379560963976953	0.32735049943767636	-0.35914603235983006	1.452936917530474	0.7825285448002274	1.4346424244913507	1.0035829397846554	-0.10793584591920712	0.5982624782704392	0.7613245255951812	0.2727923130406547
PRKACA	0.04865593918448645	-0.06065748561747622	1.191261357842543	0.5290005063985622	0.3329097062969263	0.30133512650040334	-0.38845127277256664	-0.36836552214740564	1.0601734439835964	0.29761511787896267	0.03481685149099693	-0.04558329642790997	1.0656444450252207	0.5065121465674597	0.24917013503606059	0.20478433974582094	-0.4123122075900322	-0.3727590037610422	0.9752047613506559	0.2239655799397492	0.01134436443939451	-0.021770070144951845	1.106223346780635	0.5573959162786692	0.2673861127429331	0.2584260535529968	-0.39225719228767003	-0.34504697568052284	1.0070801316029607	0.27797841367245485
PRKCA	0.1843469270174377	-0.21561571243947839	0.3233828801040642	0.3920188786913612	0.5117338094297657	0.13631196827792869	-0.3786464662438565	-0.1174526113448919	0.6568005581091141	0.23346504895927606	0.20354528997785634	-0.23460176127992272	0.32023167077404635	0.41795389988753967	0.42569153616877736	0.08290769100920928	-0.40556259995643534	-0.1744383079492079	0.6386292204493007	0.18987433151991132	0.17915835776456968	-0.2116317671721102	0.33229243244570983	0.4139396658357151	0.38346199941765663	0.011313099643973257	-0.46938451588436453	-0.20403728540004348	0.7871093855830821	0.20167627554118386
PRKCB	-0.1291730712954894	0.11141531163046633	0.6636904797735478	-0.08125454330352301	0.4445121601816221	0.10682348933117193	0.6028338348172162	0.03177397244189894	-0.8379653922562089	0.03749867122615661	-0.12261657587582375	0.10283535159646286	0.7219048347049928	-0.16646330442095103	0.757241982329321	0.4292404838147663	0.9052417417079394	0.38817248017837086	-0.7792118454418923	0.31225559321540736	-0.07645700271394261	0.05530184342596946	0.6257768452060886	-0.1791050517539228	0.8170315711304925	0.46144083896121496	0.7961659739713501	0.32793544559193605	-0.796346935451652	0.2727429686774113
PRKCD	0.08303977071903311	-0.08091363496804427	2.055497095989236	1.7543020289996016	2.0100265591331556	1.5250724700933174	0.45268970265036973	0.4445210358175688	0.9065384343797328	0.394962245491904	0.09181809174597945	-0.09523058395269658	2.065992236503495	1.4384605490401825	2.0383432712214904	1.517760897122798	0.6893681436527431	0.73327374715574	1.302758362657266	0.7330546199240403	0.09373524801648073	-0.09295160217510376	1.740602619157092	1.3910617342075302	1.6069872935472136	1.2490053984990148	0.269826132158108	0.0836519313229376	0.07722325086411329	-0.11554347215450934
PRKCE	3.0156929985725407	-11.57461106953949	-1.0850560220450411	-4.649802820304446	4.5592070017361195	9.936160967778525	-2.835889291012313	-4.240249702956512	8.220010816423125	11.292069613431757	-13.002841077297909	2.039590240869512	-8.63622666274548	8.129616601400187	0.8728687962408536	-2.0569763097262217	-10.76558568533607	11.497300142567836	-9.425283586710059	13.485082263221429	-9.382399643998964	-0.25076515975486485	1.9430777867131552	-6.810579059394617	4.877254216615716	6.6421712342052	-3.4011356091361566	-8.228091914296074	5.150377072918549	-4.812416473980871
PRKCG	0.12320256575590993	-0.13054818335272794	-0.033334868765974586	-0.9620062383091664	0.006631739757753991	-0.3412732749366868	-0.5190911422152078	-0.6032980724569644	-0.9976380746004538	-0.015838581601477192	0.06733588558074348	-0.07049501230552137	-0.013315187726926065	-0.5300345055371685	-0.5123918914815137	-0.8874539642571012	-1.014690239435198	-1.3600822512109463	-1.1925100652813054	-0.7356749129768184	0.10919175377585279	-0.1162183007732765	-0.07352083684479628	-1.0057385552504254	-0.07080011733312284	-0.42055752972666977	-0.5290213967603463	-0.6463132568299704	-1.0536120960818385	-0.044150669599580694
PRKCI	0.13730561570962874	-0.13660612674595685	-1.9751830992809647	-1.94683958391728	-0.723573947777974	-0.8700452050812625	-1.2966122164705551	-1.2191043264589179	-1.432176813661942	-1.8660128769580522	0.1372644737112946	-0.1365338613309724	-1.9748450317024644	-1.94675706462452	-0.7232934651653098	-0.8700012026374859	-1.2965122180937325	-1.2190881777379274	-1.4324457601455947	-1.8659434150625391	0.13722217788038815	-0.13701752802975314	-1.9751890065346922	-1.946776282742178	-0.723316654890971	-0.8700158710968272	-1.296591153600668	-1.2191553000003887	-1.432232084677041	-1.8660331552888896
PRKCQ	-0.2336340459529232	0.22352935814677524	0.629493145984073	0.26980915406074096	-1.2992464609103505	-1.2994555516259074	-2.328413582514681	-2.0878548091676397	0.7673204266903878	-0.0500390651118202	-0.21008685812053957	0.20173293155355376	0.8043109875947944	0.4213800058988427	-1.2509387837345427	-1.2346128754002634	-2.3145989355166985	-2.0572295881348697	0.8766738719808825	-0.13418565568566748	-0.28013160794307973	0.2663008647323257	0.4780890182366563	0.18665466589622035	-1.064212226374115	-1.057429280364414	-2.021982694303784	-1.692327164374036	0.6832862345542834	0.20365276028637627
PRKCZ	0.42804468625806763	-0.4949445967846157	3.086507105985581	3.9792857256790657	2.64876994908032	1.5336780727188997	1.3804185723242512	1.7771824859823822	3.0185047598720938	0.6472970948054494	0.4280399939982638	-0.4949245390660801	3.08650930607735	3.979280768868912	2.648760014343962	1.5336782266825961	1.3804722919701358	1.777201910349518	3.0184816223826805	0.6473329295780861	0.42805402861291425	-0.49494824908780904	3.086503860045886	3.979251363260143	2.648753157308583	1.5336781416010916	1.3804229359591962	1.7771884677089187	3.018481592988806	0.6473396764931296
PRKD1	-0.19663587369778646	0.1997756323878988	-0.6960437777727027	-0.12312470707545038	-0.6776591542936147	-0.38929739928620266	-0.855313121883587	-0.9390245944391825	-0.7531021049940885	-0.4421680736666248	-0.19761682561582516	0.20161469202785393	-0.842197516499795	-0.1794895642514086	-0.804479206834462	-0.4673476311440445	-0.806961646608401	-0.8993750407821229	-0.9114403448041988	-0.5130878079888297	-0.19765941926504293	0.20115769957119572	-0.808721973013809	-0.18824961041131813	-0.7467205279672661	-0.4432166714163093	-0.8015334741347995	-0.8868343290831583	-0.9008331823799706	-0.5106509395749853
PRKD2	2.2090579268422146	-4.133047319793439	2.070618601177161	-0.7736268482663221	-1.0782680998849592	0.39271615453456954	-5.274189507844378	-1.6564995692951192	2.0826395422806567	-1.7880682181600098	3.405434448653767	-6.216193013974976	3.2909159683680116	-1.8603160518346895	-1.2911475258847158	0.5980923669261109	-7.250230131463538	-1.9291311133051616	2.8595937308452544	-2.826926296337167	2.3140438074449876	-6.043990521742602	8.912036288346918	5.567393425258089	-2.0831435311106796	1.5287117597052369	-2.9459431184643345	4.320508934704743	6.930343367777944	-3.1809539792869024
PRKDC	0.40779952720367807	-0.45962317145233256	2.428996495968817	0.9828365865619074	1.0825241367770322	0.8358205939607741	1.1953587202397828	1.2773947474364966	1.7536158361936904	1.3614495188566487	0.4149049196950663	-0.46785570320656394	2.4958859306122108	1.0728101723967862	1.1732472324288301	0.9269512831190061	1.2745356818773297	1.3457401182530533	1.755534376761175	1.3956247222080325	0.37222197609402075	-0.42003373967042473	2.2956309444472343	0.8229962827409281	0.9181144878792988	0.6770770003486173	1.0272082153380775	1.1669536704790726	1.7268053736462265	1.2556012852274778
PRKG1	-0.3980837489744831	0.33749932200756805	-2.4195500947929967	-0.6089133416730987	-0.08693699505220669	-0.1594437238466974	0.35426720460770716	0.05321267672417255	-1.3239710518835817	0.6308527471468848	-0.39759519829969914	0.3178282726169799	-2.2268565148500814	-0.6936846003283105	0.34782704072634907	0.7596252995221472	0.4922740770191272	0.4658395947740754	-1.2420785077762335	1.311187118875606	-0.24097911963763033	0.20720565289593132	-2.067307682489973	-0.4982811478895857	-0.377708292780939	-0.13333904392520396	0.26555467105940195	0.22305660992151857	-1.058041590224248	0.7047880118329539
PRKG2	-0.5911052643057298	8.432686936603567	4.9956104985804455	3.4159871061977602	-11.43574985321388	-14.278701509264186	-1.7984040784177073	1.8371392512437843	-7.305734042248635	-10.183322895885155	5.000832171019514	-3.076155195504629	6.288636470419552	-0.932142079829989	-6.930204928501402	-4.091285509070003	-3.2354550292600073	-4.4254812771956065	3.45197864701589	-2.3487694974236284	4.173447561892396	-2.6572069341569167	4.396513341065853	1.0943714063286782	-7.550288359053307	-5.687551612548589	-3.5741136410715875	-0.13674722732073677	-0.7141921412210793	1.1693678604577509
RAF1	-0.7197732003931213	0.652045332730815	-0.5417587842604995	-0.7601173311867921	0.5116497310566483	0.0670460411949259	-0.2688648023496036	0.33206629632252266	-0.43683750467514987	-0.4493516610545278	-0.9510414266683247	0.8653547550361322	-0.9350944988963249	-1.0932422295727484	0.7026801713901791	0.2428982152357948	0.08265852441965532	0.7756716424277885	-0.7609503667947585	-0.33897951938249715	-1.3846195573707247	1.2235756758545577	-2.208086763126763	-1.6293118346903637	1.017103630590615	-0.3473426722778743	-0.3083021258963421	-0.11910754925478596	-1.446068689544927	-0.9647209774144901
RAPAMYCIN	-0.008044394529302359	0.007722861621571439	2.7432806926729074	2.4254676352357576	1.7333454717430463	1.5969037067162384	1.654024890317152	1.63935855406223	2.601972897104638	1.0264746780253988	-0.03700525147918589	0.038446872137637464	2.5041920400950204	2.2114825982969273	1.6893503352174708	1.466908382711436	1.6168419170576052	1.528589343808877	2.1670416707989117	0.5475594725531665	-0.026679981972196516	0.029376654264482868	2.5708307493118174	2.2660023755732017	1.6939524866276383	1.5169856586123251	1.6541276663954554	1.5881429957421964	2.264107915509114	0.6554109851549343
RET	6.4181654261938865	-6.886341777302028	-0.12990670361948742	0.013937160231202146	-0.9741554970483128	-0.7325320144206429	-4.171735915555424	7.3787428205079095	1.8592886662908206	0.9143276812566277	12.935730037799074	9.548398151646154	1.1528099478272142	-9.62215914565529	-5.903038797176803	5.53725941630147	-6.540214071430124	-2.368082800287456	-1.734028575427488	-4.228971171053979	4.372532806962942	-1.4981003606114127	1.5525092659762663	6.6954219861590385	-8.51989418485262	3.098081600504897	5.630353326960204	0.23022256432145022	-5.082315709545811	0.15672996124124564
ROCK1	0.11820641773973882	-0.09868494310989276	-0.08675210030852265	0.15711694147093616	-2.0389267026667683	-1.5427023114852705	-2.6473878887730526	-2.5101205213825466	0.42424551158260454	-2.330043251974837	-0.14831476927300097	0.11281793463586173	-0.8800092119291824	-0.12719390074236886	-1.5263813278301557	-1.5606950297491715	-2.3435945715772855	-2.7837689549629543	-0.017829747811473107	-2.218033985762936	0.16760273116713773	-0.1418963904181471	0.36507303473049346	0.32967549006363184	-1.920451372224022	-1.41101274741393	-2.559063334789692	-2.3065789732611623	0.7159756825960443	-2.0706813858538293
ROCK2	-1.341194086740346	1.130959940463524	-4.921905255040557	-3.0401345102545307	1.8064266970584377	2.005734094249334	3.7166321178448802	1.5708850613063627	-3.702337933221857	1.9127496359826435	-0.2711492978247541	0.2656383345546311	-1.4283280568464012	-1.3484165495743954	-0.6671397070148061	0.9861540050323976	1.1280931771614493	1.1677390954761087	-1.2073045408029361	0.48373015644388223	-1.258619492599784	1.0558038352119032	-5.089819885280748	-2.9104229893389637	1.2251303603830819	1.5853783517330309	3.1690237296420456	0.8923815602810039	-3.50094023023127	1.51638020297705
RPS6KA1	0.20466354152109725	-0.20930545294382122	2.1371306076700898	1.8164143370626875	2.368536999912545	1.8873405610997667	1.6168441275225838	1.4546557112713072	2.0380293447840474	1.8592202145309642	0.27085834928250463	-0.274855229343595	1.8348667401982537	1.4514115843064594	2.20647914481078	1.7537082408624376	1.4151467427536948	1.2305601847647667	1.6456349201491427	1.7031953681961807	0.3375553247201238	-0.3447599459355368	1.8005860513094034	1.520252442449644	2.2145233698214177	1.770308174543613	1.3044121482189335	1.3331349000070603	1.7247269461037928	1.4919848497320007
RPS6KA3	0.35630996664015024	-0.3478497336907969	0.34949527116912393	0.9696154362260894	-0.21567749246448825	-0.4905073590075097	-1.688822984604617	-0.1094765014420498	1.1692086839277673	-0.07149876554643675	0.13111464269219306	-0.11213536915481018	0.8497815879662711	2.4324049052719428	-1.712676165088823	-1.5769183100380102	-1.0290459737747655	0.7198581322254991	1.6010765480480145	-1.5147514394252466	0.2200736383553135	-0.21864071154392917	1.6746904861877492	1.6802940425878863	1.1463303939044707	0.9468739332244013	1.538526429278701	2.0107728181360187	1.4364856602493994	1.4532943919173482
RPS6KA5	0.6678554096045366	-0.6332263033736455	-3.500209035802603	1.5545296940028557	0.37896293908770595	1.8054082094302903	-4.40421688942407	0.9394954464508328	-2.5797122996558857	-5.044770774358746	1.3980262079197896	-1.3670288498124312	-0.27695284288411914	6.438618691946712	7.833387042103442	9.267839188897284	3.6890755669834716	11.321718950893063	0.17067554046336827	-3.056343327339661	1.299405956366479	-1.2764192468851225	0.40616598407800925	5.995185876924563	7.7159502942816784	9.094080613749432	4.739516062349945	11.437684644690068	-0.20911407675491092	-2.7538371270525706
RPS6KB1	0.07298109183021032	-0.09583299975490125	3.918363007220853	3.3925181613715165	2.4424307502738034	2.675843366852052	1.377375938969644	2.240053136031886	3.0947028517405557	1.2908038922061642	0.16032239820162	-0.18115825621439402	3.84257582997859	3.2693524597625983	2.045237774944972	2.3060004075304317	1.0915258093090194	1.9258434953784331	2.9351563744236158	0.9560248467555024	0.13405876356472746	-0.15563021872385738	4.438534313810851	3.889537967950914	2.7879256675578628	2.988285259254976	1.7619349718057427	2.6359744315427758	3.8167830253254484	1.7483819592586507
RPS6KB2	-0.24700285290564492	0.277787026960003	11.98558136177229	15.0	1.6021594899926808	4.363080530734111	13.104977508456347	13.420849907431824	10.361849387987776	0.7703741831804143	-0.026753739467732372	0.011750894737716549	15.0	15.0	12.083880761481616	14.829128091482824	15.0	15.0	14.872907382127107	11.158793795149043	-0.48995341044133056	0.524902173230623	4.355083429183105	6.871089236255663	-2.1875546736219253	-0.2795154173683391	0.5994382537075587	1.9464734103565324	6.500284220597525	-1.3714683005549182
SGK1	0.0008524700710561597	-0.022504223367392225	2.3291752052308983	2.295865860613263	3.4704605589583575	3.2243617347246993	3.3950195790471214	3.5204290246619516	2.2151156526126177	3.677783982735779	-0.051254469823728346	0.02895917772451639	2.1561908610577625	2.123334644090327	3.2058032518571085	2.97514252112697	3.1134884520653032	3.274797822812681	2.138708858949833	3.491884109757965	0.0023330371935906297	-0.021958751167555173	2.3107871228944923	2.2517088777677237	3.31953421547862	3.060728174952261	3.2509685904913828	3.363987504927201	2.2535304329928296	3.546098725613337
SGK3	0.35997589765840654	-0.44053673806483556	2.3025749074007975	1.2870325233312858	2.0134779314114253	2.0063065899243226	0.7035802575673543	1.252241978655822	2.9235798327208884	1.5288146354781589	0.3599800330253703	-0.4405409932528494	2.3025695449177905	1.2870327978840488	2.013664347261434	2.0062934016525076	0.7034922113275199	1.2522310148890496	2.923588307241893	1.5288392814362803	0.3599765061887558	-0.44059519018693105	2.3025635216991978	1.2870329806409482	2.013672776817488	2.006293407899406	0.703581896038371	1.2522449039959387	2.9235830932183813	1.5288682842816173
SIK1	0.38217606086546924	-3.302915077271713	8.477227814876366	5.995778569150783	-4.7951941214766265	-0.7087262660671958	5.941468028471583	-2.100767608245818	-3.6740705614397675	-2.076682224972887	-8.440760556756556	9.970023435598518	-0.33490816522506767	4.624310427955318	10.229039217673648	13.65309071602511	-7.899353190035687	1.803189850699482	-8.386543892950705	-1.555661327695113	-3.5995187930466073	3.7635474155532287	-1.9915306704916953	4.60653450358493	-2.498397491979091	-3.8195730290145464	-0.5010293086024874	0.8851005130989335	0.4566815409185679	5.011939234042665
SIK2	-6.941053813864749	1.5007265893067774	6.680634857070009	-5.409184142988808	-9.306017923162011	-0.568454329062649	-9.574732569120677	-1.0278495892474497	8.851136100918522	1.7823658707844565	-2.0820412941539095	0.5992803139630843	-11.08845381249701	-2.8372794772810495	-5.952688613576434	-3.0884001660555835	10.207838421730166	-3.5175674544045923	4.0177044010235	2.167126573454148	-4.775288156402777	-9.474496631824042	3.6446713824121506	-1.3177389274139508	5.693253112469392	12.210404182848432	-2.0148516537541648	-5.14711074652995	9.333162127341941	-13.804928447597705
SMG1	0.20163249687470763	-0.21580743903597885	1.5387424720179663	0.9120921429931336	1.7404478169169932	1.2749987200413337	0.6716584425273732	0.9322906284668624	0.9463169766900856	0.7315182055786378	0.2016387228263139	-0.21579937004613436	1.5387403648415665	0.9120936197325246	1.7404811750927494	1.2749975541853598	0.6716770096473584	0.9322945512230145	0.9463084556674342	0.7314950037572099	0.20162209256075256	-0.2157855647708988	1.5387368278150368	0.9120922217945844	1.7404853724255744	1.2749984954158617	0.671654143314535	0.9322853056974156	0.9463193424964177	0.7314734351163058
SRC	-0.17914789085644642	0.18518688667462024	-0.6537547597318594	-0.9976500800073587	-0.37094269926980256	-0.4389789407048856	-0.4649386229674652	-0.8137614703587677	0.17731717632460886	-0.11256697590578299	-0.17915328703393343	0.18519569639957362	-0.6537516607330439	-0.9976505933821533	-0.3709903536634397	-0.4389809226888593	-0.4649644211405356	-0.8137532134116617	0.17730453236124596	-0.1125868007422924	-0.17915726398347567	0.18516064732067664	-0.6537552571024183	-0.9976513990134154	-0.3709819084845075	-0.4389788195997896	-0.4649444239991463	-0.8137489463611105	0.17729822221547092	-0.11259818351627286
SRPK1	0.29432286108595346	-0.37168770585919364	-0.13855956128237673	-0.50871624217495	-0.26648919834050766	0.03611252949083587	-0.921981479155871	-0.4701455739898758	0.26671682404083513	-0.7251605891629583	0.2943246191917576	-0.3716699179010136	-0.13856012309113325	-0.5087310780473606	-0.26643169694705365	0.03614437757663964	-0.921994508892469	-0.4701485166273978	0.2667153209254822	-0.7251566958092462	0.29432326812007076	-0.3716594091096194	-0.13856162847128145	-0.508729059007447	-0.26649011493362074	0.036113629887429714	-0.9219890754513316	-0.47014830978675115	0.2667221414471335	-0.7252157824786972
STK11	0.4443734431705817	-0.39433409984022433	1.7156024875760727	0.6107604173616235	1.6515874568765605	0.7419229886896919	-3.185379895697862	0.08998581231192061	4.897019624468448	2.802909933187306	0.2274655456656018	-0.21030894121925897	1.9841498217669498	0.8451220287048931	1.3757366816905259	0.7392891105997366	-2.2421099784918535	-0.26961830140186177	3.57149473514582	1.7365334501395815	0.40966054010426667	-0.37319142953363277	2.2325566872567655	0.8333613491765062	1.8699116542843492	0.84177569069435	-3.4260455139334605	-0.23308431631861384	5.131245669025988	2.642139569015067
STK17B	0.48360521887233476	-0.553572564916131	0.027008501491761545	0.786982567452079	-0.5267312387572073	-1.0894662633253085	0.756163729273363	1.0894215665868678	0.1639224052932843	0.560004903954486	0.4836068808724381	-0.5535715157183867	0.027009554959007576	0.7869836483258826	-0.5266840972016522	-1.0894666113339977	0.7561373492544027	1.0894380457096509	0.16393436863997443	0.5600231583366776	0.48360284667240283	-0.55356855019326	0.027018299495334554	0.7869833854109042	-0.5266983483755568	-1.0894660337790354	0.7561643163705891	1.0894389789710333	0.16395014702603614	0.5600212263668968
STK4	-0.16168038881278682	0.15751759198271073	-0.12248340175682264	0.4718002588415621	-0.44603093690321566	-0.2777404926124684	-1.5041413249367495	-1.0381821773088673	-0.1447219484139264	-1.0198509502656317	-0.15324770085556724	0.14783326709493166	-0.09225943579102779	0.5199294880446461	-0.3961919378439723	-0.23625332442167832	-1.4475685642942309	-1.0067258479336796	-0.15366978839824233	-0.991223314577488	-0.34383722484404045	0.3626763032157369	-0.6609636421707938	-0.21133174144268227	-1.1576646949048524	-0.9115019542550361	-2.3137877189144858	-1.4795187529725717	-0.1990291526440063	-1.5414190887497727
TBK1	0.619233846384018	-0.796563122760953	1.1354775607059755	0.4207426660480575	-2.2902462986643424	-1.7919606211378358	-2.9343360969981935	-2.823651920647512	0.9819686008520847	-0.826370867274091	0.6192308371866315	-0.7965654651608469	1.1354800943210195	0.42074574762690137	-2.290237010525419	-1.791959054894591	-2.9343433470606084	-2.8236904483456255	0.9819791106300417	-0.8264498374192616	0.61923184624632	-0.7965653433351302	1.135473098331262	0.4207478319169371	-2.2902395539740983	-1.791960317143787	-2.9343364484742933	-2.8237034571341617	0.981987158956653	-0.8264391341646198
TRPM7	0.6134586374607492	-0.706365402811719	1.3616947268137083	0.569753971237432	3.2150355589729314	3.465390761026298	2.575789996026002	2.497470666463266	1.3591957829062997	2.402596362332778	0.6134607559538224	-0.7063808654057565	1.3616941530441067	0.5697376715610336	3.215003576447138	3.4653881041735253	2.5757709841340026	2.497408719396643	1.359169283253876	2.4025949524971053	0.6134636779472425	-0.706214509595102	1.361696069218591	0.5695878043462387	3.215464488676912	3.465390132437334	2.575758706792746	2.4974289908049734	1.3590892194616047	2.4025902582988943
UHMK1	2.856268073640478	-2.9272771231194374	10.806712430559203	6.249612578280632	15.0	12.469347734409322	13.426946793620807	9.571389570744023	-2.819659792979691	9.205283789292036	2.6779280396440153	-2.8663389885543573	13.020844466730393	9.130235887521602	15.0	15.0	15.0	15.0	-0.14419327139642413	11.090740683133443	15.0	-15.0	15.0	15.0	15.0	15.0	15.0	15.0	12.792234452630654	15.0
ULK3	0.5912298101539598	-0.6760600939578209	0.17928789081686558	-1.7682230003891446	1.4713988037854957	0.8217383268215674	-0.8749328441239328	-0.21906930975101963	-0.7133216495349258	0.056637555990666395	0.5912358168204973	-0.6760859172530096	0.17928722694916158	-1.768225889473287	1.4714468329946795	0.8217371459637086	-0.8749524183130591	-0.21909010510578947	-0.7132890894714614	0.0566274000693879	0.5912484856743826	-0.6761200663768998	0.1792879330114833	-1.768226627130288	1.471461388083439	0.8217382794714733	-0.8749267030921954	-0.2191027460777103	-0.713275241350854	0.056652612303368655
VRK1	-2.4580031665424222	-6.172680766986207	0.4633557905880994	6.835110636768691	0.7833690199678243	9.64473852336055	-11.560886506397999	6.9971403548104325	3.742022625831549	14.26498791425075	10.601205625851925	-7.038453933416465	4.146529876229158	10.374647822525516	6.56629002884382	-1.7878239463314418	-4.343835967985678	-11.42874578950503	-11.891861223586716	-6.483366635228311	3.984869448518267	12.30855042531929	10.644649395472621	-0.5020636621175512	-5.054403765893856	2.5068115638174273	-11.287625132294627	-10.941746965295483	0.8514039181209601	-10.035102323602754
WNK1	-2.5667382787761017	2.428255561391896	2.247569470887311	1.7286794843873994	13.476147195511736	5.247958935067431	-1.060036955222129	-1.1161369307651354	-3.2761173793113882	-6.442391336310945	-0.891481056170505	-5.729603153344622	-4.575629582476869	3.578315189382867	4.889226758329366	14.208439630782385	-2.7773762253503005	0.17807963314295785	-0.11911048335622049	-0.30152097639029896	9.823292759999616	-1.5421698613483443	9.936547159179074	-6.519188354577582	13.68818728903328	-5.237777576457818	4.945400926296474	1.648673524198482	-14.730366248236729	12.478198026139795
WNK4	1.4052597115804175	-1.3888104592543915	-2.115774526590715	-2.039299974216364	-0.6970860665064531	3.499365236465873	0.29168734881532926	3.0858702459656846	-0.14946693866629315	1.7383460640234911	2.381667839903114	7.697457234533719	4.440249635607358	-8.230384982067102	-0.18773142995935738	-11.777591236055718	4.125955977979514	4.850800880369834	-2.1952313081044106	-0.36944652504360964	-6.102993491797834	0.3472127831318658	-8.573415528969388	2.6627844634808464	-4.5764437925871	10.278357500361569	-3.498596176348824	2.2836593923234028	8.582100386229909	-9.170203916577389
